%YAML:1.0

cam0:
  T_cam_imu:
    - [0.0006893767284798236, -0.9999915386711482, 0.004055532743872103, -0.0012686898471298098]
    - [-0.0015241632721680887, -0.004056579711190972, -0.9999906104996024, 0.00038841257567580556]
    - [0.9999986008420447, 0.0006831889615195319, -0.0015269468873715109, 0.0005435027222983903]
    - [0.0, 0.0, 0.0, 1.0]
  cam_overlaps: []
  camera_model: pinhole
  distortion_coeffs: [-0.003585872109327331, 0.00826930983857347, 0.0003399593642056457, 0.00017512378497670848]
  distortion_model: radtan
  intrinsics: [642.8495341420769, 644.5958939934509, 400.0503960299562, 300.5824096896595]
  resolution: [800, 600]
  rostopic: /robot1/camera1/raw
  timeshift_cam_imu: -2.0828573603060948e-05
